1.102093366
2.157424849
2.637959255
0.794485895
1.894886379
0.026464369
1.306798972
2.124770436
1.088180238
2.765923243
2.216824559
1.811350984
0.891694426
-1.210120692
-0.917016882
-0.455395162
0.867805203
1.717363508
2.133748099
2.235013796
1.454674712
0.082969998
1.119075419
1.189160331
2.408987782
2.050763337
1.795409032
3.15239199
1.816462283
0.218792509
-0.324989471
-1.207082076
1.024764947
0.913535906
0.386277544
1.793215665
1.315424759
0.243602309
-0.069861397
-0.660680814
1.526155588
1.220891118
2.402556923
3.280256836
1.787788425
2.136093891
-0.093861154
0.217190516
1.326303579
1.734154788
2.284598804
1.258175868
1.217714779
-0.288202325
0.504595684
-0.703739695
-1.250710138
1.263378749
1.761379208
2.281493185
2.664357703
2.183639357
0.882329446
-0.206715685
1.724589552
1.327924443
2.488304496
1.488887544
1.374922356
1.869398853
-0.096013826
0.055331137
0.169911633
0.477361245
1.06049722
1.17403586
1.70066654
0.983616733
0.962176895
1.285931179
-0.046985087
0.798781639
2.180672904
2.503521526
3.636508956
2.193736742
1.578881048
0.193629863
-0.590086569
-0.903301377
0.547713586
1.224307852
1.187350822
1.52786051
0.483993947
-0.694580478
-1.004604626
0.081367153
0.177284902
0.887949117
1.068631906
3.217234821
1.512247525
1.6295144
0.24466256
0.362588167
0.505881745
1.685585926
0.951209254
1.984082205
0.895878622
1.356039616
0.167006338
-0.55394254
-0.034769876
-0.259250137
0.121032485
0.757154958
1.316229124
2.560234809
1.156254357
0.692207747
1.445153034
0.491259489
1.762283095
3.227344504
2.942330282
2.940690584
2.106739469
0.340488894
0.772671364
-0.804782135
0.056457784
0.374089713
1.798232303
0.240380988
0.187823892
-0.537326331
-0.089815423
0.146524341
0.139213526
2.381400498
3.398179775
3.406730514
2.746234772
0.813006163
0.699121832
0.830235986
-0.325333873
1.346287717
0.526131901
2.065822652
0.438281694
1.249755511
-0.283228868
-0.593734432
0.070697985
-0.037505661
1.424483363
2.335512235
1.876645841
0.953795022
1.74319931
-0.073707151
-0.197693455
0.538392893
1.341649502
1.278157118
3.098188922
1.257000097
-0.158456445
-0.526653171
-0.374833595
-1.206207274
-0.417351136
0.299241474
1.32200582
1.923462864
1.479389756
-0.394730175
0.027977148
-0.184336677
1.966944967
2.508056928
2.222793794
3.53637073
1.994840388
0.927391043
0.587112648
-0.812736708
-0.502339068
0.430361228
2.005403059
0.674111045
0.751653156
-0.33619513
-0.919174268
-1.397192936
-0.854081298
1.964221873
1.109850098
1.954505311
2.48738958
0.960184974
1.592476467
-0.167530126
0.243921675
0.55628936
1.68752727
2.438081355
0.708477939
0.650043352
-0.728171107
-1.269702167
-0.664938856
0.595528897
0.904859389
1.574169925
1.951664428
0.671360377
0.296149001
0.552186733
-0.320075113
0.353599851
1.264246484
1.981770581
2.787266923
3.180356893
1.046146578
1.403330705
0.047266252
-0.296365417
0.316510119
0.318288384
0.366223921
0.510240735
-0.185005563
0.673977997
0.487105353
-0.846538731
0.373477443
1.227100749
1.649636902
2.228924709
2.30493462
1.63748604
0.310813339
0.059572892
0.569609721
1.805353292
1.925503348
0.834480024
1.70312237
0.214936466
-0.551473482
-1.057640713
0.266807555
0.7134277
0.861390252
2.936804598
2.234459388
1.955070679
1.773947617
0.339942443
0.966178043
0.30682394
1.343910067
1.65587722
2.30735091
1.355610101
0.642998818
-0.169699683
0.257696617
-0.877160514
-0.172109097
1.190153123
0.98153135
1.134974119
0.917514702
-0.498757197
-0.229265471
0.477379527
1.035675318
2.354570224
1.878755418
3.380158731
1.810812721
0.930019082
0.320445765
0.626471555
1.25977606
0.024101738
0.553988079
1.857105971
0.335077303
-0.465821714
-0.406888462
0.269829071
0.44977689
0.285349259
1.967427433
2.631645604
3.287415309
2.389299054
0.860069849
0.319544447
1.109937258
1.168895763
1.17865471
1.384879113
0.988047774
1.046498356
0.269295197
0.106826162
-1.511870554
-0.384048508
1.243770132
1.790097959
1.635259787
1.985223212
0.83673886
1.260209919
-0.262118449
0.168290803
2.099571934
1.896918653
2.492997293
2.426858582
0.893666945
-0.25238982
0.250629503
0.070792429
1.064614467
1.425556792
0.32209564
1.519179036
1.421245602
0.726993719
-0.186583403
-0.306645908
-0.190559254
1.470186196
2.090077407
3.04204085
2.3708935
1.220025476
1.063562985
-0.221850387
-0.240457208
0.863408782
1.096107033
2.306477981
1.659411989
0.901710606
-0.62600716
-1.047115457
-0.774126178
1.288064689
1.997084874
0.960560226
2.611570811
1.211290535
0.362182363
0.443246399
0.490890287
0.490883778
2.069025066
3.178690601
3.063530756
1.383886612
-0.05486545
0.415763547
-0.431300545
-0.302620205
0.388547496
1.815806548
1.913011437
1.19426186
0.046810794
0.35370809
0.134859755
0.942631945
1.844437594
1.516979223
3.050637905
3.438470831
2.475776767
1.918921747
-0.323794216
0.722248827
0.84696779
0.359472824
2.128342698
1.08406628
-0.06730629
-0.084283133
-0.183254188
0.124520328
0.527029445
1.698276246
1.693674609
2.298566144
1.518288799
1.938843878
1.258310758
1.471195937
1.486017081
0.634642175
2.526537907
1.84133664
1.084458994
0.638329497
-0.226235283
-0.047601997
-1.368438025
-0.321270563
-0.246501729
1.551527432
1.000614125
1.109615
2.065259171
1.631181447
1.26891473
1.152281137
1.003484133
1.840364299
2.057547002
1.338373468
1.282603241
-0.121665568
-0.560543478
0.48794154
0.306799007
-0.089164392
0.328009138
0.559682738
1.090030082
0.87516489
0.441294693
0.881448056
0.225861707
1.471511349
1.41298738
2.110544533
3.055098583
0.580066545
1.119254317
0.347062209
0.589499857
0.313683715
1.550027684
1.784939041
1.41917224
-0.498437264
0.077703293
0.125527865
-0.279088082
0.798043874
0.325120786
2.842088543
2.677084398
2.234949398
1.211313568
1.23228376
0.255045618
1.567064688
2.701376446
1.259234245
2.263934882
1.653626827
1.43900535
-0.55611949
-0.717854651
-0.591923392
-0.227288933
0.072058286
0.661862311
1.976703605
1.033845196
0.255297466
-0.559081677
1.152361649
2.105505177
2.248131539
3.539763086
2.767911562
2.725150632
1.055620113
0.603174251
0.688235821
0.398502537
1.563435484
1.610461883
1.593800976
1.716257724
0.173275032
-0.584958304
0.183675601
0.900485371
1.458173968
2.64525791
2.224354976
1.608161592
1.438559757
0.66985504
1.375214768
0.675099722
1.424390708
0.833449772
1.505632091
1.228324445
1.053602888
-0.041459795
-0.60619166
-0.339869302
-0.411805977
-0.039479622
1.417506937
1.555932438
1.681740922
1.559835793
0.261099034
0.420971827
0.956990196
2.175584451
3.302196532
3.02911019
2.731112844
2.297538363
0.75370191
0.754377806
0.246970094
0.557618474
0.866205804
1.694153827
1.53323852
0.768202692
0.766859466
-0.05358016
0.979810797
0.292594966
2.150094152
3.071084119
3.132829999
1.842027605
2.283222955
0.460217475
0.190876299
1.21584492
0.780805734
1.638710748
1.72075465
0.515061636
0.312880074
0.320077097
-0.190859742
-0.678440363
0.326400474
1.309241188
2.528209168
1.125381249
2.406805455
0.320870005
-0.188009889
0.794178396
2.051055542
0.875037032
3.14552419
1.75381608
1.4590396
-0.232856793
-0.388015828
-0.067870382
-0.630659438
-0.346248817
0.766457358
1.723280162
2.333106297
0.678679053
-0.465721755
0.502532275
0.597534511
0.900591887
1.206298431
2.595224629
2.26339169
1.180903474
1.902569247
-0.447072583
0.100978217
0.122854432
0.38632759
2.171367632
1.740410517
1.235416726
0.0671591
-0.982090055
0.034041109
0.304344408
0.159680135
1.264694216
2.228432745
1.521157687
2.390534153
1.358278964
1.680846632
1.485301831
1.073474851
1.66448677
2.096009706
1.537957904
1.471163193
-0.172763536
0.325269938
-1.462259161
-0.869189101
0.682791565
1.358323166
0.93781671
2.533582753
1.864165254
0.469655408
0.658374713
0.251643673
0.742530122
1.474392317
2.551911457
2.988061535
1.219526915
-0.060703739
-1.154012834
-0.395704795
-0.740087912
0.850547291
1.111864035
1.482606953
0.628979674
0.207028484
-0.055050736
0.938525338
0.341868317
1.599971457
3.398784691
2.638247287
2.936564769
0.833649188
0.880874768
0.152322001
0.252227156
0.121901553
1.405681886
1.191551702
0.324984506
-0.207847843
-0.247591651
0.027137372
-0.797376671
-0.303250489
1.705508606
2.421027745
2.767520726
1.363302512
1.252550147
1.139430595
1.528917686
0.26448558
0.956588225
3.030248752
1.871303259
0.742088168
0.132204351
0.316061742
0.209574197
0.259776213
1.107878179
1.530592134
2.385363818
1.338754974
0.846931726
0.466497467
-0.673405163
0.653912116
0.723059034
2.210989978
2.988329932
2.680491424
1.352134406
0.982699664
0.626859349
0.255468761
0.83008734
1.614288898
0.948455447
0.833201112
0.274106162
0.131611007
-0.222586259
0.371241233
0.785194037
1.226253056
1.769620007
2.606652139
2.089341235
1.02169947
1.374360391
1.086301623
1.463960303
0.19097228
1.141590833
1.713636106
2.506920587
0.329791126
-0.067221922
-1.386273853
-0.489578406
-0.546087227
0.938190005
2.347168938
1.766882931
2.046104653
0.738759796
-0.1737506
0.665712031
0.302686291
1.952284915
1.626552126
1.69458864
2.877746256
2.100506588
0.292127698
0.514761671
0.600266782
-0.649045105
1.2779896
0.56112787
1.152519562
-0.037349179
-0.239083472
-0.338151311
0.87130873
0.811810032
2.440948988
3.05861187
2.919574104
2.21976216
0.871783985
0.980840498
0.623901063
-0.167150547
1.147681755
2.309143531
1.031749972
1.854129046
0.633400449
-1.008924035
-1.10838663
-0.128301665
0.536939335
1.771302579
2.311280929
2.96559335
2.533818985
1.899670438
0.943029815
1.09057183
0.632423316
2.115014847
3.077290081
2.11869912
0.760396305
0.679023963
-0.292200782
-0.305418524
-1.052976489
0.749193601
0.033083771
1.475282078
1.750518045
0.14981099
-0.096076957
-0.570078958
0.830940037
1.330471956
2.615878679
1.685265879
2.513244894
1.823375661
0.73649493
0.826143599
0.480254697
0.707440869
-0.007508904
1.184999672
0.933636101
1.238332942
-0.158211078
0.326228989
-1.29470026
0.516572302
1.770125962
2.722288811
3.383776681
2.531395304
1.573576662
0.639991289
0.572717155
0.322330626
0.809782602
1.699964644
2.555324388
1.548444434
0.139605484
0.892788794
0.392408063
-0.494267704
0.002023578
0.231230585
0.896829449
2.727484807
0.882406021
0.243544385
0.441205853
1.236723487
1.723116372
2.274684614
1.567163513
1.901498314
1.447477739
2.287707605
-0.048322265
-0.800174749
-0.663154732
-0.258038436
0.639900723
1.880330513
1.646493079
0.370644623
0.879007831
-0.561649237
1.033392783
-0.094113459
0.739853622
1.543627031
3.4978342
1.519227589
0.671896439
0.849654782
-0.321482903
-0.384711032
1.45802289
1.810919281
1.720034141
2.094624329
0.75274107
-0.772444776
0.147771707
-1.215650349
0.130155345
1.305959775
1.915197871
2.485550742
1.218388271
2.196549792
0.30314963
1.642396485
2.083290575
2.792559284
1.653225358
3.160424254
1.62884205
1.554459665
-0.770226408
-0.963808261
-0.056259896
0.890930844
1.134469135
0.730900053
2.102394237
0.119842329
-0.331671823
-0.683668657
-0.029684346
2.053293322
2.450797066
2.471052202
3.056336501
1.316564171
0.551406952
0.807380047
1.040384332
0.66080399
-0.004016561
0.980508247
1.151920671
0.004221855
0.772133518
-1.110530555
-0.532093291
-0.678578599
0.675524324
2.404509172
1.853188149
1.394902618
1.554695759
0.6025135
0.412648096
0.426161988
1.468593586
0.92053592
0.989877688
1.219175004
0.501479529
0.411372683
-0.824836869
-1.280843955
-0.02760829
0.117067845
0.439456185
2.591972066
2.413983054
1.02772587
0.337553258
1.237721659
0.765679261
1.930207747
1.777012892
1.846324442
1.298418537
2.182139689
1.227212636
-0.053921148
-0.770269148
-0.063919958
0.929682645
1.104090789
1.328695785
0.007071672
-0.46671707
-0.549630341
0.234182718
1.253372358
2.420509637
3.057434612
3.421745943
1.857600657
1.897305843
0.108288993
-0.094904466
0.430222951
0.644899729
1.746618123
0.815693543
0.707433895
0.731280742
-1.239173599
-0.031102461
0.432818565
-0.244852105
0.628039715
0.987585579
2.960841588
1.874309457
1.328934946
-0.229720452
1.610643143
0.780228092
0.90023427
2.446673181
1.333866508
2.397338874
0.947301359
-0.157200713
0.065651744
-0.68473232
-0.160980024
1.843790579
2.19696717
0.586961922
1.13819232
-0.340199294
1.071398755
0.299355342
1.803791681
2.885864797
2.966543962
2.398126392
1.561098357
0.998274426
0.381436233
0.820005281
1.233275813
0.005418256
2.212402136
0.47872813
1.294138025
-0.621387284
0.463224776
0.566562029
0.067513845
1.24535655

