0.900859002
1.409476405
1.336825139
0.791072795
0.112214748
-0.316547689
-0.278016029
0.162759789
0.69806557
0.951056516
0.688515156
-0.043325124
-0.934436449
-1.570566614
-1.651056516
-1.147493236
-0.317622009
0.432878249
0.765975355
0.587785252
0.090978662
-0.359063566
-0.431714832
-0.018807545
0.7
1.350286667
1.564338624
1.181962919
0.34164513
-0.587785252
-1.198599147
-1.255777602
-0.815001783
-0.183985887
0.251056516
0.239087491
-0.198187343
-0.779574229
-1.121138949
-0.951056516
-0.265441778
0.660139564
1.410639822
1.648026812
1.287785252
0.540406328
-0.204201347
-0.586577052
-0.46823521
-2.28483E-15
0.46823521
0.586577052
0.204201347
-0.540406328
-1.287785252
-1.648026812
-1.410639822
-0.660139564
0.265441778
0.951056516
1.121138949
0.779574229
0.198187343
-0.239087491
-0.251056516
0.183985887
0.815001783
1.255777602
1.198599147
0.587785252
-0.34164513
-1.181962919
-1.564338624
-1.350286667
-0.7
0.018807545
0.431714832
0.359063566
-0.090978662
-0.587785252
-0.765975355
-0.432878249
0.317622009
1.147493236
1.651056516
1.570566614
0.934436449
0.043325124
-0.688515156
-0.951056516
-0.69806557
-0.162759789
0.278016029
0.316547689
-0.112214748
-0.791072795
-1.336825139
-1.409476405
-0.900859002
-1.31106E-15
0.900859002
1.409476405
1.336825139
0.791072795
0.112214748
-0.316547689
-0.278016029
0.162759789
0.69806557
0.951056516
0.688515156
-0.043325124
-0.934436449
-1.570566614
-1.651056516
-1.147493236
-0.317622009
0.432878249
0.765975355
0.587785252
0.090978662
-0.359063566
-0.431714832
-0.018807545
0.7
1.350286667
1.564338624
1.181962919
0.34164513
-0.587785252
-1.198599147
-1.255777602
-0.815001783
-0.183985887
0.251056516
0.239087491
-0.198187343
-0.779574229
-1.121138949
-0.951056516
-0.265441778
0.660139564
1.410639822
1.648026812
1.287785252
0.540406328
-0.204201347
-0.586577052
-0.46823521
-1.98219E-14
0.46823521
0.586577052
0.204201347
-0.540406328
-1.287785252
-1.648026812
-1.410639822
-0.660139564
0.265441778
0.951056516
1.121138949
0.779574229
0.198187343
-0.239087491
-0.251056516
0.183985887
0.815001783
1.255777602
1.198599147
0.587785252
-0.34164513
-1.181962919
-1.564338624
-1.350286667
-0.7
0.018807545
0.431714832
0.359063566
-0.090978662
-0.587785252
-0.765975355
-0.432878249
0.317622009
1.147493236
1.651056516
1.570566614
0.934436449
0.043325124
-0.688515156
-0.951056516
-0.69806557
-0.162759789
0.278016029
0.316547689
-0.112214748
-0.791072795
-1.336825139
-1.409476405
-0.900859002
-2.62212E-15
0.900859002
1.409476405
1.336825139
0.791072795
0.112214748
-0.316547689
-0.278016029
0.162759789
0.69806557
0.951056516
0.688515156
-0.043325124
-0.934436449
-1.570566614
-1.651056516
-1.147493236
-0.317622009
0.432878249
0.765975355
0.587785252
0.090978662
-0.359063566
-0.431714832
-0.018807545
0.7
1.350286667
1.564338624
1.181962919
0.34164513
-0.587785252
-1.198599147
-1.255777602
-0.815001783
-0.183985887
0.251056516
0.239087491
-0.198187343
-0.779574229
-1.121138949
-0.951056516
-0.265441778
0.660139564
1.410639822
1.648026812
1.287785252
0.540406328
-0.204201347
-0.586577052
-0.46823521
-2.19046E-14
0.46823521
0.586577052
0.204201347
-0.540406328
-1.287785252
-1.648026812
-1.410639822
-0.660139564
0.265441778
0.951056516
1.121138949
0.779574229
0.198187343
-0.239087491
-0.251056516
0.183985887
0.815001783
1.255777602
1.198599147
0.587785252
-0.34164513
-1.181962919
-1.564338624
-1.350286667
-0.7
0.018807545
0.431714832
0.359063566
-0.090978662
-0.587785252
-0.765975355
-0.432878249
0.317622009
1.147493236
1.651056516
1.570566614
0.934436449
0.043325124
-0.688515156
-0.951056516
-0.69806557
-0.162759789
0.278016029
0.316547689
-0.112214748
-0.791072795
-1.336825139
-1.409476405
-0.900859002
-3.48418E-14
0.900859002
1.409476405
1.336825139
0.791072795
0.112214748
-0.316547689
-0.278016029
0.162759789
0.69806557
0.951056516
0.688515156
-0.043325124
-0.934436449
-1.570566614
-1.651056516
-1.147493236
-0.317622009
0.432878249
0.765975355
0.587785252
0.090978662
-0.359063566
-0.431714832
-0.018807545
0.7
1.350286667
1.564338624
1.181962919
0.34164513
-0.587785252
-1.198599147
-1.255777602
-0.815001783
-0.183985887
0.251056516
0.239087491
-0.198187343
-0.779574229
-1.121138949
-0.951056516
-0.265441778
0.660139564
1.410639822
1.648026812
1.287785252
0.540406328
-0.204201347
-0.586577052
-0.46823521
-5.39477E-16
0.46823521
0.586577052
0.204201347
-0.540406328
-1.287785252
-1.648026812
-1.410639822
-0.660139564
0.265441778
0.951056516
1.121138949
0.779574229
0.198187343
-0.239087491
-0.251056516
0.183985887
0.815001783
1.255777602
1.198599147
0.587785252
-0.34164513
-1.181962919
-1.564338624
-1.350286667
-0.7
0.018807545
0.431714832
0.359063566
-0.090978662
-0.587785252
-0.765975355
-0.432878249
0.317622009
1.147493236
1.651056516
1.570566614
0.934436449
0.043325124
-0.688515156
-0.951056516
-0.69806557
-0.162759789
0.278016029
0.316547689
-0.112214748
-0.791072795
-1.336825139
-1.409476405
-0.900859002
-5.24424E-15
0.900859002
1.409476405
1.336825139
0.791072795
0.112214748
-0.316547689
-0.278016029
0.162759789
0.69806557
0.951056516
0.688515156
-0.043325124
-0.934436449
-1.570566614
-1.651056516
-1.147493236
-0.317622009
0.432878249
0.765975355
0.587785252
0.090978662
-0.359063566
-0.431714832
-0.018807545
0.7
1.350286667
1.564338624
1.181962919
0.34164513
-0.587785252
-1.198599147
-1.255777602
-0.815001783
-0.183985887
0.251056516
0.239087491
-0.198187343
-0.779574229
-1.121138949
-0.951056516
-0.265441778
0.660139564
1.410639822
1.648026812
1.287785252
0.540406328
-0.204201347
-0.586577052
-0.46823521
-2.60701E-14
0.46823521
0.586577052
0.204201347
-0.540406328
-1.287785252
-1.648026812
-1.410639822
-0.660139564
0.265441778
0.951056516
1.121138949
0.779574229
0.198187343
-0.239087491
-0.251056516
0.183985887
0.815001783
1.255777602
1.198599147
0.587785252
-0.34164513
-1.181962919
-1.564338624
-1.350286667
-0.7
0.018807545
0.431714832
0.359063566
-0.090978662
-0.587785252
-0.765975355
-0.432878249
0.317622009
1.147493236
1.651056516
1.570566614
0.934436449
0.043325124
-0.688515156
-0.951056516
-0.69806557
-0.162759789
0.278016029
0.316547689
-0.112214748
-0.791072795
-1.336825139
-1.409476405
-0.900859002
-4.24377E-14
0.900859002
1.409476405
1.336825139
0.791072795
0.112214748
-0.316547689
-0.278016029
0.162759789
0.69806557
0.951056516
0.688515156
-0.043325124
-0.934436449
-1.570566614
-1.651056516
-1.147493236
-0.317622009
0.432878249
0.765975355
0.587785252
0.090978662
-0.359063566
-0.431714832
-0.018807545
0.7
1.350286667
1.564338624
1.181962919
0.34164513
-0.587785252
-1.198599147
-1.255777602
-0.815001783
-0.183985887
0.251056516
0.239087491
-0.198187343
-0.779574229
-1.121138949
-0.951056516
-0.265441778
0.660139564
1.410639822
1.648026812
1.287785252
0.540406328
-0.204201347
-0.586577052
-0.46823521
-4.70498E-15
0.46823521
0.586577052
0.204201347
-0.540406328
-1.287785252
-1.648026812
-1.410639822
-0.660139564
0.265441778
0.951056516
1.121138949
0.779574229
0.198187343
-0.239087491
-0.251056516
0.183985887
0.815001783
1.255777602
1.198599147
0.587785252
-0.34164513
-1.181962919
-1.564338624
-1.350286667
-0.7
0.018807545
0.431714832
0.359063566
-0.090978662
-0.587785252
-0.765975355
-0.432878249
0.317622009
1.147493236
1.651056516
1.570566614
0.934436449
0.043325124
-0.688515156
-0.951056516
-0.69806557
-0.162759789
0.278016029
0.316547689
-0.112214748
-0.791072795
-1.336825139
-1.409476405
-0.900859002
-6.96836E-14
0.900859002
1.409476405
1.336825139
0.791072795
0.112214748
-0.316547689
-0.278016029
0.162759789
0.69806557
0.951056516
0.688515156
-0.043325124
-0.934436449
-1.570566614
-1.651056516
-1.147493236
-0.317622009
0.432878249
0.765975355
0.587785252
0.090978662
-0.359063566
-0.431714832
-0.018807545
0.7
1.350286667
1.564338624
1.181962919
0.34164513
-0.587785252
-1.198599147
-1.255777602
-0.815001783
-0.183985887
0.251056516
0.239087491
-0.198187343
-0.779574229
-1.121138949
-0.951056516
-0.265441778
0.660139564
1.410639822
1.648026812
1.287785252
0.540406328
-0.204201347
-0.586577052
-0.46823521
-4.01832E-14
0.46823521
0.586577052
0.204201347
-0.540406328
-1.287785252
-1.648026812
-1.410639822
-0.660139564
0.265441778
0.951056516
1.121138949
0.779574229
0.198187343
-0.239087491
-0.251056516
0.183985887
0.815001783
1.255777602
1.198599147
0.587785252
-0.34164513
-1.181962919
-1.564338624
-1.350286667
-0.7
0.018807545
0.431714832
0.359063566
-0.090978662
-0.587785252
-0.765975355
-0.432878249
0.317622009
1.147493236
1.651056516
1.570566614
0.934436449
0.043325124
-0.688515156
-0.951056516
-0.69806557
-0.162759789
0.278016029
0.316547689
-0.112214748
-0.791072795
-1.336825139
-1.409476405
-0.900859002
1.67574E-14
0.900859002
1.409476405
1.336825139
0.791072795
0.112214748
-0.316547689
-0.278016029
0.162759789
0.69806557
0.951056516
0.688515156
-0.043325124
-0.934436449
-1.570566614
-1.651056516
-1.147493236
-0.317622009
0.432878249
0.765975355
0.587785252
0.090978662
-0.359063566
-0.431714832
-0.018807545
0.7
1.350286667
1.564338624
1.181962919
0.34164513
-0.587785252
-1.198599147
-1.255777602
-0.815001783
-0.183985887
0.251056516
0.239087491
-0.198187343
-0.779574229
-1.121138949
-0.951056516
-0.265441778
0.660139564
1.410639822
1.648026812
1.287785252
0.540406328
-0.204201347
-0.586577052
-0.46823521
-1.1261E-13
0.46823521
0.586577052
0.204201347
-0.540406328
-1.287785252
-1.648026812
-1.410639822
-0.660139564
0.265441778
0.951056516
1.121138949
0.779574229
0.198187343
-0.239087491
-0.251056516
0.183985887
0.815001783
1.255777602
1.198599147
0.587785252
-0.34164513
-1.181962919
-1.564338624
-1.350286667
-0.7
0.018807545
0.431714832
0.359063566
-0.090978662
-0.587785252
-0.765975355
-0.432878249
0.317622009
1.147493236
1.651056516
1.570566614
0.934436449
0.043325124
-0.688515156
-0.951056516
-0.69806557
-0.162759789
0.278016029
0.316547689
-0.112214748
-0.791072795
-1.336825139
-1.409476405
-0.900859002
-1.04885E-14
0.900859002
1.409476405
1.336825139
0.791072795
0.112214748
-0.316547689
-0.278016029
0.162759789
0.69806557
0.951056516
0.688515156
-0.043325124
-0.934436449
-1.570566614
-1.651056516
-1.147493236
-0.317622009
0.432878249
0.765975355
0.587785252
0.090978662
-0.359063566
-0.431714832
-0.018807545
0.7
1.350286667
1.564338624
1.181962919
0.34164513
-0.587785252
-1.198599147
-1.255777602
-0.815001783
-0.183985887
0.251056516
0.239087491
-0.198187343
-0.779574229
-1.121138949
-0.951056516
-0.265441778
0.660139564
1.410639822
1.648026812
1.287785252
0.540406328
-0.204201347
-0.586577052
-0.46823521
-3.44011E-14
0.46823521
0.586577052
0.204201347
-0.540406328
-1.287785252
-1.648026812
-1.410639822
-0.660139564
0.265441778
0.951056516
1.121138949
0.779574229
0.198187343
-0.239087491
-0.251056516
0.183985887
0.815001783
1.255777602
1.198599147
0.587785252
-0.34164513
-1.181962919
-1.564338624
-1.350286667
-0.7
0.018807545
0.431714832
0.359063566
-0.090978662
-0.587785252
-0.765975355
-0.432878249
0.317622009
1.147493236
1.651056516
1.570566614
0.934436449
0.043325124
-0.688515156
-0.951056516
-0.69806557
-0.162759789
0.278016029
0.316547689
-0.112214748
-0.791072795
-1.336825139
-1.409476405
-0.900859002
-5.76296E-14
0.900859002
1.409476405
1.336825139
0.791072795
0.112214748
-0.316547689
-0.278016029
0.162759789
0.69806557
0.951056516
0.688515156
-0.043325124
-0.934436449
-1.570566614
-1.651056516
-1.147493236
-0.317622009
0.432878249
0.765975355
0.587785252
0.090978662
-0.359063566
-0.431714832
-0.018807545
0.7
1.350286667
1.564338624
1.181962919
0.34164513
-0.587785252
-1.198599147
-1.255777602
-0.815001783
-0.183985887
0.251056516
0.239087491
-0.198187343
-0.779574229
-1.121138949
-0.951056516
-0.265441778
0.660139564
1.410639822
1.648026812
1.287785252
0.540406328
-0.204201347
-0.586577052
-0.46823521
-6.98794E-14
0.46823521
0.586577052
0.204201347
-0.540406328
-1.287785252
-1.648026812
-1.410639822
-0.660139564
0.265441778
0.951056516
1.121138949
0.779574229
0.198187343
-0.239087491
-0.251056516
0.183985887
0.815001783
1.255777602
1.198599147
0.587785252
-0.34164513
-1.181962919
-1.564338624
-1.350286667
-0.7
0.018807545
0.431714832
0.359063566
-0.090978662
-0.587785252
-0.765975355
-0.432878249
0.317622009
1.147493236
1.651056516
1.570566614
0.934436449
0.043325124
-0.688515156
-0.951056516
-0.69806557
-0.162759789
0.278016029
0.316547689
-0.112214748
-0.791072795
-1.336825139
-1.409476405
-0.900859002
-8.48754E-14

